# Created by Octave 6.2.0, Tue Apr 27 06:29:22 2021 GMT <unknown@LAPTOP-UOL87343>
# name: a
# type: matrix
# rows: 3
# columns: 3
 1 2 3
 4 5 6
 7 8 9


# name: ans
# type: matrix
# rows: 50
# columns: 1
 9.0551133409798918
 9.4003782644468963
 13.018926782478751
 13.921571381131599
 17.935387808568311
 30.236394966693251
 30.686963215753071
 30.76365477111225
 31.012048687973191
 34.278566160977149
 36.752090702688221
 36.880300716233343
 39.274241359909688
 39.780443871983721
 42.260441489792413
 46.109815531931318
 47.654072168286319
 47.795118038350829
 47.892137033237177
 49.503752698246103
 52.000215687096251
 54.281917036558589
 55.274702966728633
 55.751780854791541
 58.48832490894668
 58.77180235605887
 61.048717944212278
 61.804329749218361
 61.898150610963597
 65.431873442367419
 74.451875864142082
 75.789872961464312
 80.113962106557778
 80.748928725410238
 85.936802027784978
 87.142783859801199
 87.360168594543666
 88.769222172656768
 90.048312397146347
 90.185136244920471
 91.568781725039585
 95.496945593601765
 97.628632379819848
 100.15045818383111
 100.2500990679203
 100.52422825484619
 100.9130787124098
 101.19175408447499
 102.7016783336514
 103.1789421510546


# name: b
# type: matrix
# rows: 3
# columns: 3
 10 40 70
 20 50 80
 30 60 90


# name: data
# type: matrix
# rows: 50
# columns: 1
 9.0551133409798918
 9.4003782644468963
 13.018926782478751
 13.921571381131599
 17.935387808568311
 30.236394966693251
 30.686963215753071
 30.76365477111225
 31.012048687973191
 34.278566160977149
 36.752090702688221
 36.880300716233343
 39.274241359909688
 39.780443871983721
 42.260441489792413
 46.109815531931318
 47.654072168286319
 47.795118038350829
 47.892137033237177
 49.503752698246103
 52.000215687096251
 54.281917036558589
 55.274702966728633
 55.751780854791541
 58.48832490894668
 58.77180235605887
 61.048717944212278
 61.804329749218361
 61.898150610963597
 65.431873442367419
 74.451875864142082
 75.789872961464312
 80.113962106557778
 80.748928725410238
 85.936802027784978
 87.142783859801199
 87.360168594543666
 88.769222172656768
 90.048312397146347
 90.185136244920471
 91.568781725039585
 95.496945593601765
 97.628632379819848
 100.15045818383111
 100.2500990679203
 100.52422825484619
 100.9130787124098
 101.19175408447499
 102.7016783336514
 103.1789421510546


# name: f
# type: scalar
6


# name: path
# type: sq_string
# elements: 1
# length: 44
C:\study\Machine-Learning-NG\octave tutorial


